3 2 1 1 595 174 134 129 -1 -1 -1 -1 
3 0 2 0 30 300 36 115 -1 -1 -1 -1 
3 0 3 0 372 321 39 117 -1 -1 -1 -1 
3 0 4 1 580 406 44 119 -1 -1 -1 -1 
3 0 5 0 381 500 38 39 -1 -1 -1 -1 
3 0 6 1 643 487 48 52 -1 -1 -1 -1 
3 0 7 1 506 32 32 93 -1 -1 -1 -1 
3 0 8 0 164 115 31 90 -1 -1 -1 -1 
3 0 9 0 301 383 34 102 -1 -1 -1 -1 
3 0 10 1 594 501 43 38 -1 -1 -1 -1 
3 0 11 1 663 240 35 109 -1 -1 -1 -1 
3 0 12 1 904 213 37 93 -1 -1 -1 -1 
3 0 13 1 563 306 49 95 -1 -1 -1 -1 
3 0 14 0 441 58 25 73 -1 -1 -1 -1 
3 3 15 1 743 289 119 89 -1 -1 -1 -1 
3 0 16 1 689 299 33 112 -1 -1 -1 -1 
3 1 17 1 565 354 41 75 -1 -1 -1 -1 
3 0 18 1 792 121 30 95 -1 -1 -1 -1 
3 1 19 1 590 18 64 39 -1 -1 -1 -1 
3 0 20 0 412 147 36 101 -1 -1 -1 -1 
3 0 21 -2 461 522 19 17 -1 -1 -1 -1 
3 0 22 1 812 190 44 105 -1 -1 -1 -1 
3 0 23 1 718 500 46 39 -1 -1 -1 -1 
3 0 24 1 495 159 34 96 -1 -1 -1 -1 
3 0 25 1 743 17 31 65 -1 -1 -1 -1 
3 1 26 1 623 89 78 52 -1 -1 -1 -1 
3 0 27 0 202 104 29 90 -1 -1 -1 -1 
3 0 28 1 504 473 44 66 -1 -1 -1 -1 
3 0 29 1 672 3 23 69 -1 -1 -1 -1 
3 0 30 1 798 12 29 80 -1 -1 -1 -1 
3 0 31 1 708 9 25 70 -1 -1 -1 -1 
3 0 32 1 851 179 32 102 -1 -1 -1 -1 
3 0 33 1 923 270 34 37 -1 -1 -1 -1 
3 26 34 0 438 205 12 19 -1 -1 -1 -1 
3 1 35 1 863 455 96 67 -1 -1 -1 -1 
3 0 36 1 900 105 30 81 -1 -1 -1 -1 
3 0 37 1 851 96 26 83 -1 -1 -1 -1 
3 24 40 0 209 123 18 32 -1 -1 -1 -1 
3 0 41 0 262 81 27 81 -1 -1 -1 -1 
3 0 42 0 219 84 26 82 -1 -1 -1 -1 
3 0 44 0 183 36 29 79 -1 -1 -1 -1 
3 0 45 0 385 133 33 102 -1 -1 -1 -1 
3 58 46 1 751 144 52 79 -1 -1 -1 -1 
3 0 47 0 442 0 21 38 -1 -1 -1 -1 
3 0 49 0 413 48 23 81 -1 -1 -1 -1 
3 0 50 1 867 101 28 78 -1 -1 -1 -1 
3 0 51 0 129 96 33 91 -1 -1 -1 -1 
3 1 52 1 676 96 43 40 -1 -1 -1 -1 
3 0 53 0 211 34 27 68 -1 -1 -1 -1 
3 0 54 1 946 337 13 81 -1 -1 -1 -1 
3 1 56 1 768 322 90 62 -1 -1 -1 -1 
4 2 1 1 595 174 134 129 -1 -1 -1 -1 
4 0 2 0 31 299 36 116 -1 -1 -1 -1 
4 0 3 0 372 320 40 118 -1 -1 -1 -1 
4 0 4 1 579 406 46 119 -1 -1 -1 -1 
4 0 5 0 379 500 40 39 -1 -1 -1 -1 
4 0 6 1 645 488 44 51 -1 -1 -1 -1 
4 0 7 1 506 34 34 91 -1 -1 -1 -1 
4 0 8 0 165 116 29 90 -1 -1 -1 -1 
4 0 9 0 300 382 36 103 -1 -1 -1 -1 
4 0 10 1 596 502 40 37 -1 -1 -1 -1 
4 0 11 1 663 240 36 109 -1 -1 -1 -1 
4 0 12 1 905 214 36 92 -1 -1 -1 -1 
4 0 13 1 566 308 48 95 -1 -1 -1 -1 
4 0 14 0 442 59 24 75 -1 -1 -1 -1 
4 3 15 1 742 288 121 93 -1 -1 -1 -1 
4 0 16 1 690 297 31 116 -1 -1 -1 -1 
4 1 17 1 568 359 42 59 -1 -1 -1 -1 
4 0 18 1 791 120 33 97 -1 -1 -1 -1 
4 1 19 1 590 17 61 41 -1 -1 -1 -1 
4 0 20 0 413 148 35 99 -1 -1 -1 -1 
4 0 21 -2 460 523 21 16 -1 -1 -1 -1 
4 0 22 1 813 190 43 104 -1 -1 -1 -1 
4 0 23 1 719 501 45 38 -1 -1 -1 -1 
4 0 24 1 496 159 33 94 -1 -1 -1 -1 
4 0 25 1 743 18 32 65 -1 -1 -1 -1 
4 1 26 1 623 94 79 48 -1 -1 -1 -1 
4 0 27 0 202 105 29 88 -1 -1 -1 -1 
4 0 28 1 503 472 43 67 -1 -1 -1 -1 
4 0 29 1 673 2 22 69 -1 -1 -1 -1 
4 0 30 1 798 14 29 78 -1 -1 -1 -1 
4 0 31 1 708 10 26 69 -1 -1 -1 -1 
4 0 32 1 851 180 32 106 -1 -1 -1 -1 
4 0 33 1 923 270 33 37 -1 -1 -1 -1 
4 26 34 0 439 205 11 18 -1 -1 -1 -1 
4 1 35 1 862 455 97 68 -1 -1 -1 -1 
4 0 36 1 900 105 30 82 -1 -1 -1 -1 
4 0 37 1 851 97 25 83 -1 -1 -1 -1 
4 24 40 0 209 123 17 30 -1 -1 -1 -1 
4 0 41 0 262 81 27 81 -1 -1 -1 -1 
4 0 42 0 219 83 26 83 -1 -1 -1 -1 
4 0 44 0 183 37 27 78 -1 -1 -1 -1 
4 0 45 0 384 134 35 101 -1 -1 -1 -1 
4 58 46 1 751 145 52 77 -1 -1 -1 -1 
4 0 47 0 441 0 22 39 -1 -1 -1 -1 
4 0 49 0 414 49 22 80 -1 -1 -1 -1 
4 0 50 1 869 102 26 81 -1 -1 -1 -1 
4 0 51 0 131 95 29 91 -1 -1 -1 -1 
4 1 52 1 677 95 43 41 -1 -1 -1 -1 
4 0 53 0 212 35 26 68 -1 -1 -1 -1 
4 0 54 1 947 340 12 79 -1 -1 -1 -1 
4 1 56 1 768 321 90 63 -1 -1 -1 -1 
4 28 58 0 354 408 20 26 -1 -1 -1 -1 
4 0 60 1 505 427 53 70 -1 -1 -1 -1 
4 26 64 1 576 476 22 29 -1 -1 -1 -1 
5 2 1 1 595 174 134 129 -1 -1 -1 -1 
5 0 2 0 32 298 37 117 -1 -1 -1 -1 
5 0 3 0 374 320 37 117 -1 -1 -1 -1 
5 0 4 1 581 408 43 117 -1 -1 -1 -1 
5 0 5 0 379 501 37 38 -1 -1 -1 -1 
5 0 6 1 645 488 48 51 -1 -1 -1 -1 
5 0 7 1 508 35 32 90 -1 -1 -1 -1 
5 0 8 0 164 116 31 92 -1 -1 -1 -1 
5 0 9 0 301 383 35 102 -1 -1 -1 -1 
5 0 10 1 597 502 40 37 -1 -1 -1 -1 
5 0 11 1 664 241 34 107 -1 -1 -1 -1 
5 0 12 1 905 215 36 92 -1 -1 -1 -1 
5 0 13 1 567 310 50 95 -1 -1 -1 -1 
5 0 14 0 440 59 28 73 -1 -1 -1 -1 
5 3 15 1 742 286 122 94 -1 -1 -1 -1 
5 0 16 1 688 299 35 114 -1 -1 -1 -1 
5 1 17 1 569 360 44 61 -1 -1 -1 -1 
5 0 18 1 791 121 34 96 -1 -1 -1 -1 
5 1 19 1 590 16 69 42 -1 -1 -1 -1 
5 0 20 0 412 148 36 100 -1 -1 -1 -1 
5 0 21 0 459 524 20 15 -1 -1 -1 -1 
5 0 22 1 817 189 42 105 -1 -1 -1 -1 
5 0 23 1 720 502 43 37 -1 -1 -1 -1 
5 0 24 1 498 158 32 94 -1 -1 -1 -1 
5 0 25 1 743 18 31 66 -1 -1 -1 -1 
5 1 26 1 624 92 77 49 -1 -1 -1 -1 
5 0 27 0 203 106 28 87 -1 -1 -1 -1 
5 0 28 1 502 471 45 68 -1 -1 -1 -1 
5 0 29 1 672 2 23 69 -1 -1 -1 -1 
5 0 30 1 798 16 29 76 -1 -1 -1 -1 
5 0 31 1 707 10 28 68 -1 -1 -1 -1 
5 0 32 1 852 180 33 108 -1 -1 -1 -1 
5 0 33 1 924 270 32 37 -1 -1 -1 -1 
5 26 34 0 438 205 12 19 -1 -1 -1 -1 
5 1 35 1 862 455 50 67 -1 -1 -1 -1 
5 0 36 1 898 105 33 83 -1 -1 -1 -1 
5 0 37 1 851 97 26 84 -1 -1 -1 -1 
5 24 40 0 209 122 17 31 -1 -1 -1 -1 
5 0 41 0 263 81 25 81 -1 -1 -1 -1 
5 0 42 0 219 82 27 84 -1 -1 -1 -1 
5 0 44 0 183 38 26 78 -1 -1 -1 -1 
5 0 45 0 385 134 33 100 -1 -1 -1 -1 
5 58 46 1 749 143 56 59 -1 -1 -1 -1 
5 0 49 0 415 50 22 79 -1 -1 -1 -1 
5 0 50 1 868 102 28 82 -1 -1 -1 -1 
5 0 51 0 131 94 29 91 -1 -1 -1 -1 
5 1 52 1 681 96 39 41 -1 -1 -1 -1 
5 0 53 0 212 34 26 69 -1 -1 -1 -1 
5 0 54 1 948 341 11 78 -1 -1 -1 -1 
5 28 58 0 354 408 20 26 -1 -1 -1 -1 
5 0 60 1 504 425 55 71 -1 -1 -1 -1 
5 26 64 1 574 478 25 29 -1 -1 -1 -1 
5 26 65 0 408 205 14 22 -1 -1 -1 -1 
5 26 66 1 811 243 16 29 -1 -1 -1 -1 
6 2 1 1 595 174 133 129 -1 -1 -1 -1 
6 0 2 0 31 296 39 119 -1 -1 -1 -1 
6 0 3 0 374 319 39 118 -1 -1 -1 -1 
6 0 4 1 580 408 44 118 -1 -1 -1 -1 
6 0 5 0 376 501 40 38 -1 -1 -1 -1 
6 0 6 1 646 489 43 50 -1 -1 -1 -1 
6 0 7 1 508 36 33 91 -1 -1 -1 -1 
6 0 8 0 165 117 30 91 -1 -1 -1 -1 
6 0 9 0 300 382 36 104 -1 -1 -1 -1 
6 0 10 1 597 502 41 37 -1 -1 -1 -1 
6 0 11 1 663 241 35 107 -1 -1 -1 -1 
6 0 12 1 909 214 34 92 -1 -1 -1 -1 
6 0 13 1 572 313 45 95 -1 -1 -1 -1 
6 0 14 0 442 59 24 77 -1 -1 -1 -1 
6 3 15 1 744 286 119 95 -1 -1 -1 -1 
6 0 16 1 687 298 35 115 -1 -1 -1 -1 
6 1 17 1 570 362 46 64 -1 -1 -1 -1 
6 0 18 1 791 122 33 95 -1 -1 -1 -1 
6 1 19 1 589 18 69 39 -1 -1 -1 -1 
6 0 20 0 413 148 35 99 -1 -1 -1 -1 
6 0 21 0 458 525 21 14 -1 -1 -1 -1 
6 0 22 1 816 190 45 104 -1 -1 -1 -1 
6 0 23 1 721 503 42 36 -1 -1 -1 -1 
6 0 24 1 498 157 33 95 -1 -1 -1 -1 
6 0 25 1 743 18 32 65 -1 -1 -1 -1 
6 1 26 1 623 90 77 51 -1 -1 -1 -1 
6 0 27 0 203 106 28 79 -1 -1 -1 -1 
6 0 28 1 502 470 45 69 -1 -1 -1 -1 
6 0 29 1 672 3 23 65 -1 -1 -1 -1 
6 0 30 1 799 17 27 77 -1 -1 -1 -1 
6 0 31 1 708 10 26 69 -1 -1 -1 -1 
6 0 32 1 853 181 33 109 -1 -1 -1 -1 
6 0 33 1 925 270 32 37 -1 -1 -1 -1 
6 26 34 0 439 206 11 17 -1 -1 -1 -1 
6 1 35 1 863 455 95 67 -1 -1 -1 -1 
6 0 36 1 900 105 29 84 -1 -1 -1 -1 
6 0 37 1 851 96 26 85 -1 -1 -1 -1 
6 24 40 0 209 121 17 32 -1 -1 -1 -1 
6 0 41 0 263 81 25 81 -1 -1 -1 -1 
6 0 42 0 217 82 29 84 -1 -1 -1 -1 
6 0 44 0 184 37 25 79 -1 -1 -1 -1 
6 0 45 0 384 134 34 100 -1 -1 -1 -1 
6 58 46 1 749 142 56 57 -1 -1 -1 -1 
6 0 50 1 868 101 29 81 -1 -1 -1 -1 
6 0 51 0 132 93 28 91 -1 -1 -1 -1 
6 1 52 1 674 96 45 42 -1 -1 -1 -1 
6 0 53 0 209 35 30 68 -1 -1 -1 -1 
6 0 60 1 505 425 54 73 -1 -1 -1 -1 
6 26 64 1 575 479 23 28 -1 -1 -1 -1 
6 26 65 0 408 205 14 21 -1 -1 -1 -1 
6 26 66 1 811 243 20 30 -1 -1 -1 -1 
6 0 71 1 821 129 27 69 -1 -1 -1 -1 
