3 0 1 0 30 298 36 116 -1 -1 -1 -1 
3 0 2 1 505 32 33 93 -1 -1 -1 -1 
3 0 3 0 165 117 28 88 -1 -1 -1 -1 
3 0 4 0 413 149 34 98 -1 -1 -1 -1 
3 0 5 0 382 500 38 39 -1 -1 -1 -1 
3 0 6 0 442 57 25 76 -1 -1 -1 -1 
3 0 7 0 370 321 39 114 -1 -1 -1 -1 
3 2 8 1 595 171 134 130 -1 -1 -1 -1 
3 0 9 0 262 86 26 76 -1 -1 -1 -1 
3 0 10 1 747 18 27 68 -1 -1 -1 -1 
3 0 11 1 644 486 50 53 -1 -1 -1 -1 
3 0 12 1 579 406 45 118 -1 -1 -1 -1 
3 0 13 1 496 160 31 95 -1 -1 -1 -1 
3 0 14 1 664 240 34 108 -1 -1 -1 -1 
3 0 15 1 800 12 27 77 -1 -1 -1 -1 
3 0 16 1 563 306 48 93 -1 -1 -1 -1 
3 0 17 0 299 381 37 103 -1 -1 -1 -1 
3 0 18 1 794 121 27 95 -1 -1 -1 -1 
3 1 19 1 621 91 99 58 -1 -1 -1 -1 
3 0 20 0 384 132 32 105 -1 -1 -1 -1 
3 0 21 0 205 106 25 87 -1 -1 -1 -1 
3 0 22 -2 460 522 22 17 -1 -1 -1 -1 
3 3 23 1 737 293 127 94 -1 -1 -1 -1 
3 0 24 1 710 10 23 68 -1 -1 -1 -1 
3 0 25 0 444 0 19 37 -1 -1 -1 -1 
3 0 26 0 129 98 30 89 -1 -1 -1 -1 
3 0 27 1 814 189 40 104 -1 -1 -1 -1 
3 0 28 1 672 3 23 72 -1 -1 -1 -1 
3 0 29 1 686 296 33 114 -1 -1 -1 -1 
3 0 30 1 900 102 30 87 -1 -1 -1 -1 
3 1 31 1 564 355 42 58 -1 -1 -1 -1 
3 0 32 1 850 96 28 85 -1 -1 -1 -1 
3 0 33 1 903 215 38 91 -1 -1 -1 -1 
3 0 34 0 151 44 33 77 -1 -1 -1 -1 
3 0 35 1 505 451 56 88 -1 -1 -1 -1 
3 0 36 1 872 97 22 81 -1 -1 -1 -1 
3 0 37 1 594 502 42 37 -1 -1 -1 -1 
3 1 38 1 590 21 40 35 -1 -1 -1 -1 
3 0 39 1 503 0 23 39 -1 -1 -1 -1 
3 0 40 0 210 32 26 70 -1 -1 -1 -1 
3 0 41 0 219 86 26 82 -1 -1 -1 -1 
3 1 42 1 862 453 78 70 -1 -1 -1 -1 
3 0 43 -2 470 0 16 31 -1 -1 -1 -1 
3 0 44 1 850 180 33 100 -1 -1 -1 -1 
3 0 45 1 721 500 42 39 -1 -1 -1 -1 
3 0 46 0 385 51 47 93 -1 -1 -1 -1 
3 0 47 0 414 49 21 80 -1 -1 -1 -1 
3 0 48 0 340 127 30 94 -1 -1 -1 -1 
3 0 49 1 945 121 14 86 -1 -1 -1 -1 
3 0 50 0 182 37 26 77 -1 -1 -1 -1 
3 0 53 1 822 0 23 48 -1 -1 -1 -1 
3 24 54 0 302 403 31 43 -1 -1 -1 -1 
3 0 55 1 922 269 37 105 -1 -1 -1 -1 
4 0 1 0 31 297 37 117 -1 -1 -1 -1 
4 0 2 1 507 34 34 91 -1 -1 -1 -1 
4 0 3 0 164 116 30 90 -1 -1 -1 -1 
4 0 4 0 415 150 31 97 -1 -1 -1 -1 
4 0 5 0 379 500 41 39 -1 -1 -1 -1 
4 0 6 0 443 58 24 76 -1 -1 -1 -1 
4 0 7 0 372 321 35 112 -1 -1 -1 -1 
4 2 8 1 594 171 136 131 -1 -1 -1 -1 
4 0 9 0 261 85 27 77 -1 -1 -1 -1 
4 0 10 1 749 18 24 69 -1 -1 -1 -1 
4 0 11 1 645 487 46 52 -1 -1 -1 -1 
4 0 12 1 580 405 43 118 -1 -1 -1 -1 
4 0 13 1 496 158 33 96 -1 -1 -1 -1 
4 0 14 1 664 241 34 106 -1 -1 -1 -1 
4 0 15 1 798 13 29 77 -1 -1 -1 -1 
4 0 16 1 570 308 42 99 -1 -1 -1 -1 
4 0 17 0 300 382 35 103 -1 -1 -1 -1 
4 0 18 1 793 121 29 96 -1 -1 -1 -1 
4 1 19 1 623 91 95 58 -1 -1 -1 -1 
4 0 20 0 385 132 31 104 -1 -1 -1 -1 
4 0 21 0 205 113 25 80 -1 -1 -1 -1 
4 0 22 -2 460 524 20 15 -1 -1 -1 -1 
4 3 23 1 737 293 126 93 -1 -1 -1 -1 
4 0 24 1 710 9 22 67 -1 -1 -1 -1 
4 0 25 0 442 0 22 38 -1 -1 -1 -1 
4 0 26 0 131 101 27 86 -1 -1 -1 -1 
4 0 27 1 813 188 41 106 -1 -1 -1 -1 
4 0 28 1 672 3 23 71 -1 -1 -1 -1 
4 0 29 1 685 297 34 114 -1 -1 -1 -1 
4 0 30 1 899 103 32 86 -1 -1 -1 -1 
4 1 31 1 568 356 43 62 -1 -1 -1 -1 
4 0 32 1 851 96 27 86 -1 -1 -1 -1 
4 0 33 1 905 216 35 90 -1 -1 -1 -1 
4 0 34 0 151 45 31 78 -1 -1 -1 -1 
4 0 35 1 503 461 55 78 -1 -1 -1 -1 
4 0 36 1 872 98 22 82 -1 -1 -1 -1 
4 0 37 1 595 503 41 36 -1 -1 -1 -1 
4 1 38 1 588 21 43 36 -1 -1 -1 -1 
4 0 39 1 505 0 21 39 -1 -1 -1 -1 
4 0 40 0 211 32 24 71 -1 -1 -1 -1 
4 0 41 0 216 84 29 86 -1 -1 -1 -1 
4 1 42 1 869 452 80 72 -1 -1 -1 -1 
4 0 43 -2 469 0 19 32 -1 -1 -1 -1 
4 0 44 1 848 181 36 104 -1 -1 -1 -1 
4 0 45 1 720 500 45 39 -1 -1 -1 -1 
4 0 46 0 385 52 47 90 -1 -1 -1 -1 
4 0 47 0 414 49 21 81 -1 -1 -1 -1 
4 0 48 0 341 128 28 93 -1 -1 -1 -1 
4 0 49 1 943 120 16 87 -1 -1 -1 -1 
4 0 50 0 182 37 27 78 -1 -1 -1 -1 
4 0 53 1 823 0 21 48 -1 -1 -1 -1 
4 24 54 0 302 404 31 44 -1 -1 -1 -1 
4 0 55 1 924 268 35 105 -1 -1 -1 -1 
5 0 1 0 32 298 36 116 -1 -1 -1 -1 
5 0 2 1 508 35 33 90 -1 -1 -1 -1 
5 0 3 0 164 116 31 90 -1 -1 -1 -1 
5 0 4 0 413 149 34 98 -1 -1 -1 -1 
5 0 5 0 378 501 40 38 -1 -1 -1 -1 
5 0 6 0 442 58 27 75 -1 -1 -1 -1 
5 0 7 0 373 321 36 113 -1 -1 -1 -1 
5 2 8 1 594 172 136 130 -1 -1 -1 -1 
5 0 9 0 262 84 26 78 -1 -1 -1 -1 
5 0 10 1 749 18 25 70 -1 -1 -1 -1 
5 0 11 1 644 487 50 52 -1 -1 -1 -1 
5 0 12 1 579 405 45 118 -1 -1 -1 -1 
5 0 13 1 497 158 32 95 -1 -1 -1 -1 
5 0 14 1 663 240 35 107 -1 -1 -1 -1 
5 0 15 1 799 14 28 77 -1 -1 -1 -1 
5 0 16 1 570 309 45 99 -1 -1 -1 -1 
5 0 17 0 299 381 37 105 -1 -1 -1 -1 
5 0 18 1 793 122 30 96 -1 -1 -1 -1 
5 1 19 1 622 89 96 59 -1 -1 -1 -1 
5 0 20 0 383 132 33 105 -1 -1 -1 -1 
5 0 21 0 206 110 24 81 -1 -1 -1 -1 
5 0 22 0 459 525 20 14 -1 -1 -1 -1 
5 3 23 1 736 293 129 93 -1 -1 -1 -1 
5 0 24 1 710 10 22 67 -1 -1 -1 -1 
5 0 25 0 442 0 23 38 -1 -1 -1 -1 
5 0 26 0 132 101 26 84 -1 -1 -1 -1 
5 0 27 1 817 189 39 106 -1 -1 -1 -1 
5 0 28 1 672 3 22 69 -1 -1 -1 -1 
5 0 29 1 684 297 35 115 -1 -1 -1 -1 
5 0 30 1 899 104 31 86 -1 -1 -1 -1 
5 1 31 1 569 363 43 58 -1 -1 -1 -1 
5 0 32 1 851 96 26 84 -1 -1 -1 -1 
5 0 33 1 905 216 36 91 -1 -1 -1 -1 
5 0 34 0 151 45 34 75 -1 -1 -1 -1 
5 0 35 1 503 447 57 92 -1 -1 -1 -1 
5 0 36 1 871 99 24 81 -1 -1 -1 -1 
5 0 37 1 596 504 41 35 -1 -1 -1 -1 
5 1 38 1 588 22 38 35 -1 -1 -1 -1 
5 0 39 1 503 0 24 39 -1 -1 -1 -1 
5 0 40 0 210 33 29 68 -1 -1 -1 -1 
5 0 41 0 216 82 30 85 -1 -1 -1 -1 
5 1 42 1 860 453 51 70 -1 -1 -1 -1 
5 0 43 -2 469 0 18 32 -1 -1 -1 -1 
5 0 44 1 850 181 35 106 -1 -1 -1 -1 
5 0 45 1 720 502 45 37 -1 -1 -1 -1 
5 0 46 0 386 52 45 92 -1 -1 -1 -1 
5 0 47 0 415 49 20 81 -1 -1 -1 -1 
5 0 48 0 340 129 29 93 -1 -1 -1 -1 
5 0 49 1 942 120 17 86 -1 -1 -1 -1 
5 0 50 0 184 36 29 75 -1 -1 -1 -1 
5 0 53 1 822 0 22 47 -1 -1 -1 -1 
5 24 54 0 302 404 30 45 -1 -1 -1 -1 
5 0 55 1 924 267 35 106 -1 -1 -1 -1 
5 0 59 1 822 127 23 73 -1 -1 -1 -1 
